-7.51267e-310 0 0 0 0 0 0 0 0 
0 -0.959522 -0.734387 0.397447 1.03858 0.397447 -0.734387 -0.959522 0 
0 -0.734387 -0.562075 0.304193 0.794894 0.304193 -0.562075 -0.734387 0 
0 0.397447 0.304193 -0.164628 -0.430194 -0.164628 0.304193 0.397447 0 
0 1.03858 0.794894 -0.430194 -1.12415 -0.430194 0.794894 1.03858 0 
0 0.397447 0.304193 -0.164628 -0.430194 -0.164628 0.304193 0.397447 0 
0 -0.734387 -0.562075 0.304193 0.794894 0.304193 -0.562075 -0.734387 0 
0 -0.959522 -0.734387 0.397447 1.03858 0.397447 -0.734387 -0.959522 0 
0 0 0 0 0 0 0 0 0 
